
(-1.32, 0.76):(768.0, 432.0)
(2.54, 2.17):(50.0, 50.0)
(-0.8, 2.09):(768.0, 50.0)
(-3.9, 3.28):(1486.0, 50.0)
(1.43, 0.64):(50.0, 432.0)
(-4.69, -0.44):(1486.0, 432.0)
(1.34, -1.2):(50.0, 814.0)
(-2.45, -1.93):(768.0, 814.0)
(-5.49, -1.9):(1486.0, 814.0)

(-1.07, 0.89):(768.0, 432.0)
(1.97, 3.15):(50.0, 50.0)
(-1.27, 3.97):(768.0, 50.0)
(-3.69, 5.57):(1486.0, 50.0)
(1.49, 1.36):(50.0, 432.0)
(-4.83, 0.86):(1486.0, 432.0)
(1.54, 0.38):(50.0, 814.0)
(-1.75, -0.25):(768.0, 814.0)
(-3.8, 0.3):(1486.0, 814.0)

(-2.1, 0.88):(768.0, 432.0)
(1.27, 3.22):(50.0, 50.0)
(-1.45, 2.43):(768.0, 50.0)
(-4.68, 2.59):(1486.0, 50.0)
(2.05, 1.59):(50.0, 432.0)
(-4.27, -0.05):(1486.0, 432.0)
(2.06, -0.62):(50.0, 814.0)
(-0.69, -0.17):(768.0, 814.0)
(-3.94, -0.12):(1486.0, 814.0)


(-1.38, 0.74):(768.0, 432.0)
(2.52, 2.14):(50.0, 50.0)
(-1.03, 2.12):(768.0, 50.0)
(-4.16, 2.95):(1486.0, 50.0)
(1.32, 0.76):(50.0, 432.0)
(-5.37, -0.07):(1486.0, 432.0)
(1.45, -1.27):(50.0, 814.0)
(-2.46, -1.9):(768.0, 814.0)
(-5.5, -1.63):(1486.0, 814.0)

(-1.28, 1.02):(768.0, 432.0)
(2.25, 3.28):(50.0, 50.0)
(-1.26, 3.98):(768.0, 50.0)
(-3.75, 5.69):(1486.0, 50.0)
(1.36, 1.39):(50.0, 432.0)
(-5.14, 1.18):(1486.0, 432.0)
(1.56, 0.47):(50.0, 814.0)
(-1.86, 0.03):(768.0, 814.0)
(-4.06, 0.45):(1486.0, 814.0)

(-2.28, 1.32):(768.0, 432.0)
(1.25, 3.62):(50.0, 50.0)
(-1.96, 2.37):(768.0, 50.0)
(-5.2, 2.32):(1486.0, 50.0)
(1.98, 1.81):(50.0, 432.0)
(-4.88, 0.59):(1486.0, 432.0)
(1.59, -0.55):(50.0, 814.0)
(-1.04, 0.03):(768.0, 814.0)
(-4.21, 0.44):(1486.0, 814.0)




(-1.38, 0.74):(768.0, 432.0)
(2.52, 2.14):(50.0, 50.0)
(-1.03, 2.12):(768.0, 50.0)
(-4.16, 2.95):(1486.0, 50.0)
(1.32, 0.76):(50.0, 432.0)
(-5.37, -0.07):(1486.0, 432.0)
(1.45, -1.27):(50.0, 814.0)
(-2.46, -1.9):(768.0, 814.0)
(-5.5, -1.63):(1486.0, 814.0)

(-1.28, 1.02):(768.0, 432.0)
(2.25, 3.28):(50.0, 50.0)
(-1.26, 3.98):(768.0, 50.0)
(-3.75, 5.69):(1486.0, 50.0)
(1.36, 1.39):(50.0, 432.0)
(-5.14, 1.18):(1486.0, 432.0)
(1.56, 0.47):(50.0, 814.0)
(-1.86, 0.03):(768.0, 814.0)
(-4.06, 0.45):(1486.0, 814.0)

(-2.28, 1.32):(768.0, 432.0)
(1.25, 3.62):(50.0, 50.0)
(-1.96, 2.37):(768.0, 50.0)
(-5.2, 2.32):(1486.0, 50.0)
(1.98, 1.81):(50.0, 432.0)
(-4.88, 0.59):(1486.0, 432.0)
(1.59, -0.55):(50.0, 814.0)
(-1.04, 0.03):(768.0, 814.0)
(-4.21, 0.44):(1486.0, 814.0)


(-1.32, 0.76):(768.0, 432.0)
(2.54, 2.17):(50.0, 50.0)
(-0.8, 2.09):(768.0, 50.0)
(-3.9, 3.28):(1486.0, 50.0)
(1.43, 0.64):(50.0, 432.0)
(-4.69, -0.44):(1486.0, 432.0)
(1.34, -1.2):(50.0, 814.0)
(-2.45, -1.93):(768.0, 814.0)
(-5.49, -1.9):(1486.0, 814.0)

(-1.07, 0.89):(768.0, 432.0)
(1.97, 3.15):(50.0, 50.0)
(-1.27, 3.97):(768.0, 50.0)
(-3.69, 5.57):(1486.0, 50.0)
(1.49, 1.36):(50.0, 432.0)
(-4.83, 0.86):(1486.0, 432.0)
(1.54, 0.38):(50.0, 814.0)
(-1.75, -0.25):(768.0, 814.0)
(-3.8, 0.3):(1486.0, 814.0)

(-2.1, 0.88):(768.0, 432.0)
(1.27, 3.22):(50.0, 50.0)
(-1.45, 2.43):(768.0, 50.0)
(-4.68, 2.59):(1486.0, 50.0)
(2.05, 1.59):(50.0, 432.0)
(-4.27, -0.05):(1486.0, 432.0)
(2.06, -0.62):(50.0, 814.0)
(-0.69, -0.17):(768.0, 814.0)
(-3.94, -0.12):(1486.0, 814.0)

k=1/6
(-1.32, 0.37):(768.0, 432.0)
(2.54, 0.37):(50.0, 50.0)
(-0.8, 0.37):(768.0, 50.0)
(-3.9, 0.39):(1486.0, 50.0)
(1.43, 0.36):(50.0, 432.0)
(-4.69, 0.37):(1486.0, 432.0)
(1.34, 0.36):(50.0, 814.0)
(-2.45, 0.36):(768.0, 814.0)
(-5.49, 0.37):(1486.0, 814.0)

(-1.07, 0.36):(768.0, 432.0)
(1.97, 0.39):(50.0, 50.0)
(-1.27, 0.38):(768.0, 50.0)
(-3.69, 0.39):(1486.0, 50.0)
(1.49, 0.37):(50.0, 432.0)
(-4.83, 0.36):(1486.0, 432.0)
(1.54, 0.36):(50.0, 814.0)
(-1.75, 0.36):(768.0, 814.0)
(-3.8, 0.36):(1486.0, 814.0)

(-2.1, 0.37):(768.0, 432.0)
(1.27, 0.45):(50.0, 50.0)
(-1.45, 0.37):(768.0, 50.0)
(-4.68, 0.38):(1486.0, 50.0)
(2.05, 0.38):(50.0, 432.0)
(-4.27, 0.37):(1486.0, 432.0)
(2.06, 0.36):(50.0, 814.0)
(-0.69, 0.36):(768.0, 814.0)
(-3.94, 0.36):(1486.0, 814.0)



k=1/5
(-1.38, 0.74):(768.0, 432.0)
(2.52, 2.14):(50.0, 50.0)
(-1.03, 2.12):(768.0, 50.0)
(-4.16, 2.95):(1486.0, 50.0)
(1.32, 0.76):(50.0, 432.0)
(-5.37, -0.07):(1486.0, 432.0)
(1.45, -1.27):(50.0, 814.0)
(-2.46, -1.9):(768.0, 814.0)
(-5.5, -1.63):(1486.0, 814.0)

(-1.28, 1.02):(768.0, 432.0)
(2.25, 3.28):(50.0, 50.0)
(-1.26, 3.98):(768.0, 50.0)
(-3.75, 5.69):(1486.0, 50.0)
(1.36, 1.39):(50.0, 432.0)
(-5.14, 1.18):(1486.0, 432.0)
(1.56, 0.47):(50.0, 814.0)
(-1.86, 0.03):(768.0, 814.0)
(-4.06, 0.45):(1486.0, 814.0)

(-2.28, 1.32):(768.0, 432.0)
(1.25, 3.62):(50.0, 50.0)
(-1.96, 2.37):(768.0, 50.0)
(-5.2, 2.32):(1486.0, 50.0)
(1.98, 1.81):(50.0, 432.0)
(-4.88, 0.59):(1486.0, 432.0)
(1.59, -0.55):(50.0, 814.0)
(-1.04, 0.03):(768.0, 814.0)
(-4.21, 0.44):(1486.0, 814.0)




k=1/4
(-1.38, 0.74):(768.0, 432.0)
(2.52, 2.14):(50.0, 50.0)
(-1.03, 2.12):(768.0, 50.0)
(-4.16, 2.95):(1486.0, 50.0)
(1.32, 0.76):(50.0, 432.0)
(-5.37, -0.07):(1486.0, 432.0)
(1.45, -1.27):(50.0, 814.0)
(-2.46, -1.9):(768.0, 814.0)
(-5.5, -1.63):(1486.0, 814.0)

(-1.28, 1.02):(768.0, 432.0)
(2.25, 3.28):(50.0, 50.0)
(-1.26, 3.98):(768.0, 50.0)
(-3.75, 5.69):(1486.0, 50.0)
(1.36, 1.39):(50.0, 432.0)
(-5.14, 1.18):(1486.0, 432.0)
(1.56, 0.47):(50.0, 814.0)
(-1.86, 0.03):(768.0, 814.0)
(-4.06, 0.45):(1486.0, 814.0)

(-2.28, 1.32):(768.0, 432.0)
(1.25, 3.62):(50.0, 50.0)
(-1.96, 2.37):(768.0, 50.0)
(-5.2, 2.32):(1486.0, 50.0)
(1.98, 1.81):(50.0, 432.0)
(-4.88, 0.59):(1486.0, 432.0)
(1.59, -0.55):(50.0, 814.0)
(-1.04, 0.03):(768.0, 814.0)
(-4.21, 0.44):(1486.0, 814.0)




(-1.33, 0.73):(768.0, 432.0)
(2.5, 2.04):(50.0, 50.0)
(-1.05, 2.02):(768.0, 50.0)
(-4.18, 2.84):(1486.0, 50.0)
(1.29, 0.65):(50.0, 432.0)
(-5.4, -0.18):(1486.0, 432.0)
(1.43, -1.37):(50.0, 814.0)
(-2.48, -2.01):(768.0, 814.0)
(-5.52, -1.74):(1486.0, 814.0)

(-1.28, 1.02):(768.0, 432.0)
(2.25, 3.28):(50.0, 50.0)
(-1.26, 3.98):(768.0, 50.0)
(-3.75, 5.69):(1486.0, 50.0)
(1.36, 1.39):(50.0, 432.0)
(-5.14, 1.18):(1486.0, 432.0)
(1.56, 0.47):(50.0, 814.0)
(-1.86, 0.03):(768.0, 814.0)
(-4.06, 0.45):(1486.0, 814.0)

(-2.28, 1.32):(768.0, 432.0)
(1.25, 3.62):(50.0, 50.0)
(-1.96, 2.37):(768.0, 50.0)
(-5.2, 2.32):(1486.0, 50.0)
(1.98, 1.81):(50.0, 432.0)
(-4.88, 0.59):(1486.0, 432.0)
(1.59, -0.55):(50.0, 814.0)
(-1.04, 0.03):(768.0, 814.0)
(-4.21, 0.44):(1486.0, 814.0)


(-1.33, 0.73):(768.0, 432.0)
(2.5, 2.04):(50.0, 50.0)
(-1.05, 2.02):(768.0, 50.0)
(-4.18, 2.84):(1486.0, 50.0)
(1.29, 0.65):(50.0, 432.0)
(-5.4, -0.18):(1486.0, 432.0)
(1.43, -1.37):(50.0, 814.0)
(-2.48, -2.01):(768.0, 814.0)
(-5.52, -1.74):(1486.0, 814.0)

(-1.28, 1.02):(768.0, 432.0)
(2.25, 3.28):(50.0, 50.0)
(-1.26, 3.98):(768.0, 50.0)
(-3.75, 5.69):(1486.0, 50.0)
(1.36, 1.39):(50.0, 432.0)
(-5.14, 1.18):(1486.0, 432.0)
(1.56, 0.47):(50.0, 814.0)
(-1.86, 0.03):(768.0, 814.0)
(-4.06, 0.45):(1486.0, 814.0)

(-2.28, 1.32):(768.0, 432.0)
(1.25, 3.62):(50.0, 50.0)
(-1.96, 2.37):(768.0, 50.0)
(-5.2, 2.32):(1486.0, 50.0)
(1.98, 1.81):(50.0, 432.0)
(-4.88, 0.59):(1486.0, 432.0)
(1.59, -0.55):(50.0, 814.0)
(-1.04, 0.03):(768.0, 814.0)
(-4.21, 0.44):(1486.0, 814.0)


(-1.38, 0.74):(768.0, 432.0)
(2.52, 2.14):(50.0, 50.0)
(-1.03, 2.12):(768.0, 50.0)
(-4.16, 2.95):(1486.0, 50.0)
(1.32, 0.76):(50.0, 432.0)
(-5.37, -0.07):(1486.0, 432.0)
(1.45, -1.27):(50.0, 814.0)
(-2.46, -1.9):(768.0, 814.0)
(-5.5, -1.63):(1486.0, 814.0)

(-1.28, 1.02):(768.0, 432.0)
(2.25, 3.28):(50.0, 50.0)
(-1.26, 3.98):(768.0, 50.0)
(-3.75, 5.69):(1486.0, 50.0)
(1.36, 1.39):(50.0, 432.0)
(-5.14, 1.18):(1486.0, 432.0)
(1.56, 0.47):(50.0, 814.0)
(-1.86, 0.03):(768.0, 814.0)
(-4.06, 0.45):(1486.0, 814.0)

(-2.28, 1.32):(768.0, 432.0)
(1.25, 3.62):(50.0, 50.0)
(-1.96, 2.37):(768.0, 50.0)
(-5.2, 2.32):(1486.0, 50.0)
(1.98, 1.81):(50.0, 432.0)
(-4.88, 0.59):(1486.0, 432.0)
(1.59, -0.55):(50.0, 814.0)
(-1.04, 0.03):(768.0, 814.0)
(-4.21, 0.44):(1486.0, 814.0)


(-1.38, 0.74):(768.0, 432.0)
(2.52, 2.14):(50.0, 50.0)
(-1.03, 2.12):(768.0, 50.0)
(-4.16, 2.95):(1486.0, 50.0)
(1.32, 0.76):(50.0, 432.0)
(-5.37, -0.07):(1486.0, 432.0)
(1.45, -1.27):(50.0, 814.0)
(-2.46, -1.9):(768.0, 814.0)
(-5.5, -1.63):(1486.0, 814.0)

(-1.28, 1.02):(768.0, 432.0)
(2.25, 3.28):(50.0, 50.0)
(-1.26, 3.98):(768.0, 50.0)
(-3.75, 5.69):(1486.0, 50.0)
(1.36, 1.39):(50.0, 432.0)
(-5.14, 1.18):(1486.0, 432.0)
(1.56, 0.47):(50.0, 814.0)
(-1.86, 0.03):(768.0, 814.0)
(-4.06, 0.45):(1486.0, 814.0)

(-2.28, 1.32):(768.0, 432.0)
(1.25, 3.62):(50.0, 50.0)
(-1.96, 2.37):(768.0, 50.0)
(-5.2, 2.32):(1486.0, 50.0)
(1.98, 1.81):(50.0, 432.0)
(-4.88, 0.59):(1486.0, 432.0)
(1.59, -0.55):(50.0, 814.0)
(-1.04, 0.03):(768.0, 814.0)
(-4.21, 0.44):(1486.0, 814.0)


(-1.38, 0.74):(768.0, 432.0)
(2.52, 2.14):(50.0, 50.0)
(-1.03, 2.12):(768.0, 50.0)
(-4.16, 2.95):(1486.0, 50.0)
(1.32, 0.76):(50.0, 432.0)
(-5.37, -0.07):(1486.0, 432.0)
(1.45, -1.27):(50.0, 814.0)
(-2.46, -1.9):(768.0, 814.0)
(-5.5, -1.63):(1486.0, 814.0)

(-1.28, 1.02):(768.0, 432.0)
(2.25, 3.28):(50.0, 50.0)
(-1.26, 3.98):(768.0, 50.0)
(-3.75, 5.69):(1486.0, 50.0)
(1.36, 1.39):(50.0, 432.0)
(-5.14, 1.18):(1486.0, 432.0)
(1.56, 0.47):(50.0, 814.0)
(-1.86, 0.03):(768.0, 814.0)
(-4.06, 0.45):(1486.0, 814.0)

(-2.28, 1.32):(768.0, 432.0)
(1.25, 3.62):(50.0, 50.0)
(-1.96, 2.37):(768.0, 50.0)
(-5.2, 2.32):(1486.0, 50.0)
(1.98, 1.81):(50.0, 432.0)
(-4.88, 0.59):(1486.0, 432.0)
(1.59, -0.55):(50.0, 814.0)
(-1.04, 0.03):(768.0, 814.0)
(-4.21, 0.44):(1486.0, 814.0)


(-1.38, 0.74):(768.0, 432.0)
(2.52, 2.14):(50.0, 50.0)
(-1.03, 2.12):(768.0, 50.0)
(-4.16, 2.95):(1486.0, 50.0)
(1.32, 0.76):(50.0, 432.0)
(-5.37, -0.07):(1486.0, 432.0)
(1.45, -1.27):(50.0, 814.0)
(-2.46, -1.9):(768.0, 814.0)
(-5.5, -1.63):(1486.0, 814.0)

(-1.28, 1.02):(768.0, 432.0)
(2.25, 3.28):(50.0, 50.0)
(-1.26, 3.98):(768.0, 50.0)
(-3.75, 5.69):(1486.0, 50.0)
(1.36, 1.39):(50.0, 432.0)
(-5.14, 1.18):(1486.0, 432.0)
(1.56, 0.47):(50.0, 814.0)
(-1.86, 0.03):(768.0, 814.0)
(-4.06, 0.45):(1486.0, 814.0)

(-2.28, 1.32):(768.0, 432.0)
(1.25, 3.62):(50.0, 50.0)
(-1.96, 2.37):(768.0, 50.0)
(-5.2, 2.32):(1486.0, 50.0)
(1.98, 1.81):(50.0, 432.0)
(-4.88, 0.59):(1486.0, 432.0)
(1.59, -0.55):(50.0, 814.0)
(-1.04, 0.03):(768.0, 814.0)
(-4.21, 0.44):(1486.0, 814.0)


(-1.38, 0.74):(768.0, 432.0)
(2.52, 2.14):(50.0, 50.0)
(-1.03, 2.12):(768.0, 50.0)
(-4.16, 2.95):(1486.0, 50.0)
(1.32, 0.76):(50.0, 432.0)
(-5.37, -0.07):(1486.0, 432.0)
(1.45, -1.27):(50.0, 814.0)
(-2.46, -1.9):(768.0, 814.0)
(-5.5, -1.63):(1486.0, 814.0)

(-1.28, 1.02):(768.0, 432.0)
(2.25, 3.28):(50.0, 50.0)
(-1.26, 3.98):(768.0, 50.0)
(-3.75, 5.69):(1486.0, 50.0)
(1.36, 1.39):(50.0, 432.0)
(-5.14, 1.18):(1486.0, 432.0)
(1.56, 0.47):(50.0, 814.0)
(-1.86, 0.03):(768.0, 814.0)
(-4.06, 0.45):(1486.0, 814.0)

(-2.28, 1.32):(768.0, 432.0)
(1.25, 3.62):(50.0, 50.0)
(-1.96, 2.37):(768.0, 50.0)
(-5.2, 2.32):(1486.0, 50.0)
(1.98, 1.81):(50.0, 432.0)
(-4.88, 0.59):(1486.0, 432.0)
(1.59, -0.55):(50.0, 814.0)
(-1.04, 0.03):(768.0, 814.0)
(-4.21, 0.44):(1486.0, 814.0)

