(-1.38, 0.74):(768.0, 432.0)
(2.52, 2.14):(50.0, 50.0)
(-1.03, 2.12):(768.0, 50.0)
(-4.16, 2.95):(1486.0, 50.0)
(1.32, 0.76):(50.0, 432.0)
(-5.37, -0.07):(1486.0, 432.0)
(1.45, -1.27):(50.0, 814.0)
(-2.46, -1.9):(768.0, 814.0)
(-5.5, -1.63):(1486.0, 814.0)

(-1.28, 1.02):(768.0, 432.0)
(2.25, 3.28):(50.0, 50.0)
(-1.26, 3.98):(768.0, 50.0)
(-3.75, 5.69):(1486.0, 50.0)
(1.36, 1.39):(50.0, 432.0)
(-5.14, 1.18):(1486.0, 432.0)
(1.56, 0.47):(50.0, 814.0)
(-1.86, 0.03):(768.0, 814.0)
(-4.06, 0.45):(1486.0, 814.0)

(-2.28, 1.32):(768.0, 432.0)
(1.25, 3.62):(50.0, 50.0)
(-1.96, 2.37):(768.0, 50.0)
(-5.2, 2.32):(1486.0, 50.0)
(1.98, 1.81):(50.0, 432.0)
(-4.88, 0.59):(1486.0, 432.0)
(1.59, -0.55):(50.0, 814.0)
(-1.04, 0.03):(768.0, 814.0)
(-4.21, 0.44):(1486.0, 814.0)