(2.987863979623935, -0.4825630541918713):(50.0, 50.0)
(1.2046841223861158, -0.10030120367400475):(409.0, 50.0)
(0.7604743596504164, -0.10507945847137634):(768.0, 50.0)
(0.9124318574494659, 0.2521800233904328):(1127.0, 50.0)
(0.5753922783934655, -0.3567147795129655):(1486.0, 50.0)
(2.5343569639846386, -0.24097363260199955):(50.0, 241.0)
(1.8191621917896335, -0.16847548000436774):(409.0, 241.0)
(1.1901708829758633, -0.2602428841908857):(768.0, 241.0)
(0.6752542110246154, -0.2192188746035324):(1127.0, 241.0)
(0.8308529193080538, -0.2859161190336028):(1486.0, 241.0)
(1.490785644920404, -0.07410969692026637):(50.0, 432.0)
(1.1205824589628222, -0.06441678868553602):(409.0, 432.0)
(1.0100371608541892, -0.014024121888229324):(768.0, 432.0)
(1.0065039359797119, -0.14692600095715402):(1127.0, 432.0)
(0.8031017455985321, -0.347161171373048):(1486.0, 432.0)
(2.117442056989322, -0.4660669966041091):(50.0, 623.0)
(1.5136272082509628, -0.058442472122976596):(409.0, 623.0)
(1.2417358743772837, -0.04690022585398168):(768.0, 623.0)
(0.45401499667620726, -0.18145113196705687):(1127.0, 623.0)
(1.1034564343773603, -0.2972949721174487):(1486.0, 623.0)
(1.9179269820975584, -0.13376100465800178):(50.0, 814.0)
(1.4073388047166233, 0.01378583118883725):(409.0, 814.0)
(1.1506875862412684, -0.25504899325009767):(768.0, 814.0)
(0.943198035509166, -0.07533055449805737):(1127.0, 814.0)
(1.1961589435776894, -0.1799517993674229):(1486.0, 814.0)
